0.047619047619 0.897072663897
0.0952380952381 0.219609197757
0.142857142857 0.619288432809
0.190476190476 0.198346814634
0.238095238095 0.70341341947
0.285714285714 0.381320345962
0.333333333333 0.161650542
0.380952380952 0.0712560327721
0.428571428571 0.952571070023
0.47619047619 0.466340069193
0.52380952381 0.400614513208
0.571428571429 0.559477089569
0.619047619048 0.914167594201
0.666666666667 0.971036702513
0.714285714286 0.0800254021603
0.761904761905 0.39134777282
0.809523809524 0.458036302623
0.857142857143 0.472458211694
0.904761904762 0.230880366039
0.952380952381 0.26280823946
